      1    128      0      0   6891      2
      2    255      0      0  37448     12
      3    255    165      0      0      0
      4    255    255      0  27883      9
      5    128    128      0      0      0
      6    128      0    128      0      0
      7    255      0    255 117413     37
      8    255    255    255   4068      1
      9      0    255      0  52730     17
     10      0    128      0      0      0
     11      0      0    128      0      0
     12      0      0    255   3799      1
     13      0    255    255  17143      5
     14      0    128    128      0      0
     15      0      0      0  43303     14
     16    192    192    192      0      0
     17    180    180    180   7118      2
