      1    128      0      0      0      0
      2    255      0      0   2254      0
      3    255    165      0      0      0
      4    255    255      0 223745     42
      5    128    128      0      0      0
      6    128      0    128      0      0
      7    255      0    255  79319     15
      8    255    255    255      2      0
      9      0    255      0 135608     25
     10      0    128      0      0      0
     11      0      0    128   5015      1
     12      0      0    255   7547      1
     13      0    255    255  28815      5
     14      0    128    128      0      0
     15      0      0      0  49829      9
     16    192    192    192      0      0
