
         1       0      0      0     105577     26.96
                                     105577*    26.96

         2       0    255    255      2772      0.71
         3       0    255    255      3850      0.98
         4       0    255    255      4242      1.08
         5       0    255    255      2732      0.70
         6       0    255    255      3662      0.94
         7       0    255    255      7314      1.87
         8       0    255    255      8090      2.07
         9       0    255    255      8408      2.15
        10       0    255    255      4080      1.04
        11       0    255    255      7779      1.99
        12       0    255    255      3601      0.92
        13       0    255    255      3856      0.98
        14       0    255    255      4037      1.03
        15       0    255    255      6594      1.68
        16       0    255    255      3809      0.97
        17       0    255    255      5259      1.34
        18       0    255    255      4363      1.11
        19       0    255    255      4441      1.13
        20       0    255    255      3690      0.94
        21       0    255    255      8066      2.06
        22       0    255    255      7993      2.04
        23       0    255    255      4220      1.08
                                    112858*    28.82

        24     128      0      0       766      0.20
        25     128      0      0       812      0.21
                                      1578*     0.40

        26     128      0    128      1641      0.42
        27     128      0    128      2187      0.56
        28     128      0    128      1228      0.31
        29     128      0    128      2478      0.63
                                      7534*     1.92

        30     255    255    255     52808     13.49
        31     255    255    255     14935      3.81
        32     255    255    255     49116     12.54
        33     255    255    255     12945      3.31
        34     255    255    255      6169      1.58
        35     255    255    255      7412      1.89
        36     255    255    255      9603      2.45
        37     255    255    255     11010      2.81
                                    163998*    41.88   

                                    391545**